交叉部分的调试：

r1 = [ 117,7,69,2,82,42,50,9,52,37,47,84,59,17,105,26,119,10,53,126,15,41,90,72,124,67,108,112,74,64,3,49,8,51,115,85,96,44,97,24,27,123,102,22,92,68,83,122,109,40,100,103,80,78,14,45,93,125,30,6,39,120,28,98,0,19,65,48,70,56,116,32,113,46,99,12,107,81,23,20,114,104,95,106,33,101,4,75,61,79,38,118,55,57,29,5,87,111,91,16,35,13,1,31,54,11,60,43,86,21,88,63,77,121,62,25,94,66,58,18,110,89,73,36,76,71,34 ]
r1_cross = [ 70,18,24,80,73,91,75,101,43,37,76,98,67,126,3,86,66,36,71,106,56,57,45,110,121,58,25,54,64,7,82,39,21,124,15,41,48,68,89,120,17,81,35,2,78,104,112,122,117,30,65,5,79,61,32,63,92,95,83,31,113,49,102,51,84,109,72,125,77,50,27,0,69 ]
r1_non_cross = [ 42,9,52,47,59,105,26,119,10,53,90,108,74,8,115,85,96,44,97,123,22,40,100,103,14,93,6,28,19,116,46,99,12,107,23,20,114,33,4,38,118,55,29,87,111,16,13,1,11,60,88,62,94,34 ]
r1_new = [ 70,18,24,80,73,91,75,101,43,37,76,98,67,126,3,86,66,36,71,106,56,57,45,110,121,58,25,54,64,7,82,39,21,124,15,41,48,68,89,120,17,81,35,2,78,104,112,122,117,30,65,5,79,61,32,63,92,95,83,31,113,49,102,51,84,109,72,125,77,50,27,0,69,42,9,52,47,59,105,26,119,10,53,90,108,74,8,115,85,96,44,97,123,22,40,100,103,14,93,6,28,19,116,46,99,12,107,23,20,114,33,4,38,118,55,29,87,111,16,13,1,11,60,88,62,94,34 ]

r2 = [ 87,22,20,26,47,93,42,100,55,29,107,108,62,111,38,119,105,115,23,53,8,16,19,10,123,116,74,118,44,99,103,34,9,13,14,4,90,11,88,40,52,59,6,85,46,33,12,97,114,1,96,94,28,60,70,18,24,80,73,91,75,101,43,37,76,98,67,126,3,86,66,36,71,106,56,57,45,110,121,58,25,54,64,7,82,39,21,124,15,41,48,68,89,120,17,81,35,2,78,104,112,122,117,30,65,5,79,61,32,63,92,95,83,31,113,49,102,51,84,109,72,125,77,50,27,0,69 ]
r2_cross = [ 14,45,93,125,30,6,39,120,28,98,0,19,65,48,70,56,116,32,113,46,99,12,107,81,23,20,114,104,95,106,33,101,4,75,61,79,38,118,55,57,29,5,87,111,91,16,35,13,1,31,54,11,60,43,86,21,88,63,77,121,62,25,94,66,58,18,110,89,73,36,76,71,34 ]
r2_non_cross = [ 22,26,47,42,100,108,119,105,115,53,8,10,123,74,44,103,9,90,40,52,59,85,97,96,24,80,37,67,126,3,64,7,82,124,15,41,68,17,2,78,112,122,117,92,83,49,102,51,84,109,72,50,27,69 ]
r2_new = [ 14,45,93,125,30,6,39,120,28,98,0,19,65,48,70,56,116,32,113,46,99,12,107,81,23,20,114,104,95,106,33,101,4,75,61,79,38,118,55,57,29,5,87,111,91,16,35,13,1,31,54,11,60,43,86,21,88,63,77,121,62,25,94,66,58,18,110,89,73,36,76,71,34,22,26,47,42,100,108,119,105,115,53,8,10,123,74,44,103,9,90,40,52,59,85,97,96,24,80,37,67,126,3,64,7,82,124,15,41,68,17,2,78,112,122,117,92,83,49,102,51,84,109,72,50,27,69 ]
